*3DSMAX_ASCIIEXPORT	200
*COMMENT "CGCII ASCII Exporter Version  2.00 - Sat Sep 20 21:44:50 2014"
*SCENE {
	*SCENE_FILENAME "knight.max"
	*SCENE_FIRSTFRAME 0
	*SCENE_LASTFRAME 100
	*SCENE_FRAMESPEED 30
	*SCENE_TICKSPERFRAME 160
	*SCENE_MESHFRAMESTEP 100
	*SCENE_KEYFRAMESTEP 1
	*SCENE_BACKGROUND_STATIC  1.0	 1.0	 1.0
	*SCENE_AMBIENT_STATIC  0.0	 0.0	 0.0
}
*MATERIAL_LIST {
	*MATERIAL_COUNT 8
	*MATERIAL 0 {
		*MATERIAL_NAME "Material #26"
		*MATERIAL_CLASS "Multi/Sub-Object"
		*MATERIAL_AMBIENT  0.6	 0.6	 0.6
		*MATERIAL_DIFFUSE  0.6	 0.6	 0.6
		*MATERIAL_SPECULAR  0.9	 0.9	 0.9
		*MATERIAL_SHINE  0.2
		*MATERIAL_SHINESTRENGTH  0.5
		*MATERIAL_TRANSPARENCY  0.0
		*MATERIAL_WIRESIZE  1.0
		*NUMSUBMTLS 3
		*SUBMATERIAL 0 {
			*MATERIAL_NAME "´Ù¸®"
			*MATERIAL_CLASS "Standard"
			*MATERIAL_AMBIENT  0.6	 0.6	 0.6
			*MATERIAL_DIFFUSE  0.6	 0.6	 0.6
			*MATERIAL_SPECULAR  0.9	 0.9	 0.9
			*MATERIAL_SHINE  0.2
			*MATERIAL_SHINESTRENGTH  0.5
			*MATERIAL_TRANSPARENCY  0.0
			*MATERIAL_WIRESIZE  1.0
			*MATERIAL_SHADING Blinn
			*MATERIAL_XP_FALLOFF  0.0
			*MATERIAL_SELFILLUM  0.0
			*MATERIAL_FALLOFF In
			*MATERIAL_XP_TYPE Filter
			*MAP_DIFFUSE {
				*MAP_NAME "Map #1"
				*MAP_CLASS "Bitmap"
				*MAP_SUBNO 1
				*MAP_AMOUNT  1.0
				*BITMAP "D:\Work\googlecode_ldw9981 - copy\data\knight_legs.JPG"
				*MAP_TYPE Screen
				*UVW_U_OFFSET  0.0
				*UVW_V_OFFSET  0.0
				*UVW_U_TILING  1.0
				*UVW_V_TILING  1.0
				*UVW_ANGLE  0.0
				*UVW_BLUR  1.0
				*UVW_BLUR_OFFSET  0.0
				*UVW_NOUSE_AMT  1.0
				*UVW_NOISE_SIZE  1.0
				*UVW_NOISE_LEVEL 1
				*UVW_NOISE_PHASE  0.0
				*BITMAP_FILTER Pyramidal
			}
		}
		*SUBMATERIAL 1 {
			*MATERIAL_NAME "¹ß"
			*MATERIAL_CLASS "Standard"
			*MATERIAL_AMBIENT  0.6	 0.6	 0.6
			*MATERIAL_DIFFUSE  0.6	 0.6	 0.6
			*MATERIAL_SPECULAR  0.9	 0.9	 0.9
			*MATERIAL_SHINE  0.2
			*MATERIAL_SHINESTRENGTH  0.6
			*MATERIAL_TRANSPARENCY  0.0
			*MATERIAL_WIRESIZE  1.0
			*MATERIAL_SHADING Blinn
			*MATERIAL_XP_FALLOFF  0.0
			*MATERIAL_SELFILLUM  0.0
			*MATERIAL_FALLOFF In
			*MATERIAL_XP_TYPE Filter
			*MAP_DIFFUSE {
				*MAP_NAME "Map #4"
				*MAP_CLASS "Bitmap"
				*MAP_SUBNO 1
				*MAP_AMOUNT  1.0
				*BITMAP "D:\Work\googlecode_ldw9981 - copy\data\knight_foot.JPG"
				*MAP_TYPE Screen
				*UVW_U_OFFSET  0.0
				*UVW_V_OFFSET  0.0
				*UVW_U_TILING  1.0
				*UVW_V_TILING  1.0
				*UVW_ANGLE  0.0
				*UVW_BLUR  1.0
				*UVW_BLUR_OFFSET  0.0
				*UVW_NOUSE_AMT  1.0
				*UVW_NOISE_SIZE  1.0
				*UVW_NOISE_LEVEL 1
				*UVW_NOISE_PHASE  0.0
				*BITMAP_FILTER Pyramidal
			}
		}
		*SUBMATERIAL 2 {
			*MATERIAL_NAME "´Ù¸®¾Ç¼¼»ç¸®"
			*MATERIAL_CLASS "Standard"
			*MATERIAL_AMBIENT  0.6	 0.6	 0.6
			*MATERIAL_DIFFUSE  0.6	 0.6	 0.6
			*MATERIAL_SPECULAR  0.9	 0.9	 0.9
			*MATERIAL_SHINE  0.1
			*MATERIAL_SHINESTRENGTH  0.3
			*MATERIAL_TRANSPARENCY  0.0
			*MATERIAL_WIRESIZE  1.0
			*MATERIAL_SHADING Blinn
			*MATERIAL_XP_FALLOFF  0.0
			*MATERIAL_SELFILLUM  0.0
			*MATERIAL_TWOSIDED
			*MATERIAL_FALLOFF In
			*MATERIAL_XP_TYPE Filter
			*MAP_DIFFUSE {
				*MAP_NAME "Map #6"
				*MAP_CLASS "Bitmap"
				*MAP_SUBNO 1
				*MAP_AMOUNT  1.0
				*BITMAP "D:\Work\googlecode_ldw9981 - copy\data\knight_legs_accessory.JPG"
				*MAP_TYPE Screen
				*UVW_U_OFFSET  0.0
				*UVW_V_OFFSET  0.0
				*UVW_U_TILING  1.0
				*UVW_V_TILING  1.0
				*UVW_ANGLE  0.0
				*UVW_BLUR  1.0
				*UVW_BLUR_OFFSET  0.0
				*UVW_NOUSE_AMT  1.0
				*UVW_NOISE_SIZE  1.0
				*UVW_NOISE_LEVEL 1
				*UVW_NOISE_PHASE  0.0
				*BITMAP_FILTER Pyramidal
			}
		}
	}
	*MATERIAL 1 {
		*MATERIAL_NAME "ÆÈ"
		*MATERIAL_CLASS "Standard"
		*MATERIAL_AMBIENT  0.6	 0.6	 0.6
		*MATERIAL_DIFFUSE  0.6	 0.6	 0.6
		*MATERIAL_SPECULAR  0.9	 0.9	 0.9
		*MATERIAL_SHINE  0.1
		*MATERIAL_SHINESTRENGTH  0.5
		*MATERIAL_TRANSPARENCY  0.0
		*MATERIAL_WIRESIZE  1.0
		*MATERIAL_SHADING Blinn
		*MATERIAL_XP_FALLOFF  0.0
		*MATERIAL_SELFILLUM  0.0
		*MATERIAL_TWOSIDED
		*MATERIAL_FALLOFF In
		*MATERIAL_XP_TYPE Filter
		*MAP_DIFFUSE {
			*MAP_NAME "Map #2"
			*MAP_CLASS "Bitmap"
			*MAP_SUBNO 1
			*MAP_AMOUNT  1.0
			*BITMAP "D:\Work\googlecode_ldw9981 - copy\data\knight_arms.JPG"
			*MAP_TYPE Screen
			*UVW_U_OFFSET  0.0
			*UVW_V_OFFSET  0.0
			*UVW_U_TILING  1.0
			*UVW_V_TILING  1.0
			*UVW_ANGLE  0.0
			*UVW_BLUR  1.0
			*UVW_BLUR_OFFSET  0.0
			*UVW_NOUSE_AMT  1.0
			*UVW_NOISE_SIZE  1.0
			*UVW_NOISE_LEVEL 1
			*UVW_NOISE_PHASE  0.0
			*BITMAP_FILTER Pyramidal
		}
	}
	*MATERIAL 2 {
		*MATERIAL_NAME "¸Ó¸®"
		*MATERIAL_CLASS "Standard"
		*MATERIAL_AMBIENT  0.6	 0.6	 0.6
		*MATERIAL_DIFFUSE  0.6	 0.6	 0.6
		*MATERIAL_SPECULAR  0.9	 0.9	 0.9
		*MATERIAL_SHINE  0.1
		*MATERIAL_SHINESTRENGTH  0.5
		*MATERIAL_TRANSPARENCY  0.0
		*MATERIAL_WIRESIZE  1.0
		*MATERIAL_SHADING Blinn
		*MATERIAL_XP_FALLOFF  0.0
		*MATERIAL_SELFILLUM  0.0
		*MATERIAL_FALLOFF In
		*MATERIAL_XP_TYPE Filter
		*MAP_DIFFUSE {
			*MAP_NAME "Map #3"
			*MAP_CLASS "Bitmap"
			*MAP_SUBNO 1
			*MAP_AMOUNT  1.0
			*BITMAP "D:\Work\googlecode_ldw9981 - copy\data\knight_head.JPG"
			*MAP_TYPE Screen
			*UVW_U_OFFSET  0.0
			*UVW_V_OFFSET  0.0
			*UVW_U_TILING  1.0
			*UVW_V_TILING  1.0
			*UVW_ANGLE  0.0
			*UVW_BLUR  1.0
			*UVW_BLUR_OFFSET  0.0
			*UVW_NOUSE_AMT  1.0
			*UVW_NOISE_SIZE  1.0
			*UVW_NOISE_LEVEL 1
			*UVW_NOISE_PHASE  0.0
			*BITMAP_FILTER Pyramidal
		}
	}
	*MATERIAL 3 {
		*MATERIAL_NAME "¹æÆÐ"
		*MATERIAL_CLASS "Standard"
		*MATERIAL_AMBIENT  0.6	 0.6	 0.6
		*MATERIAL_DIFFUSE  0.6	 0.6	 0.6
		*MATERIAL_SPECULAR  0.9	 0.9	 0.9
		*MATERIAL_SHINE  0.1
		*MATERIAL_SHINESTRENGTH  0.9
		*MATERIAL_TRANSPARENCY  0.0
		*MATERIAL_WIRESIZE  1.0
		*MATERIAL_SHADING Blinn
		*MATERIAL_XP_FALLOFF  0.0
		*MATERIAL_SELFILLUM  0.0
		*MATERIAL_TWOSIDED
		*MATERIAL_FALLOFF In
		*MATERIAL_XP_TYPE Filter
		*MAP_DIFFUSE {
			*MAP_NAME "Map #8"
			*MAP_CLASS "Bitmap"
			*MAP_SUBNO 1
			*MAP_AMOUNT  1.0
			*BITMAP "D:\Work\googlecode_ldw9981 - copy\data\knight_sheild.JPG"
			*MAP_TYPE Screen
			*UVW_U_OFFSET  0.0
			*UVW_V_OFFSET  0.0
			*UVW_U_TILING  1.0
			*UVW_V_TILING  1.0
			*UVW_ANGLE  0.0
			*UVW_BLUR  1.0
			*UVW_BLUR_OFFSET  0.0
			*UVW_NOUSE_AMT  1.0
			*UVW_NOISE_SIZE  1.0
			*UVW_NOISE_LEVEL 1
			*UVW_NOISE_PHASE  0.0
			*BITMAP_FILTER Pyramidal
		}
	}
	*MATERIAL 4 {
		*MATERIAL_NAME "°Ë"
		*MATERIAL_CLASS "Standard"
		*MATERIAL_AMBIENT  0.6	 0.6	 0.6
		*MATERIAL_DIFFUSE  0.6	 0.6	 0.6
		*MATERIAL_SPECULAR  0.9	 0.9	 0.9
		*MATERIAL_SHINE  0.3
		*MATERIAL_SHINESTRENGTH  0.6
		*MATERIAL_TRANSPARENCY  0.0
		*MATERIAL_WIRESIZE  1.0
		*MATERIAL_SHADING Blinn
		*MATERIAL_XP_FALLOFF  0.0
		*MATERIAL_SELFILLUM  0.0
		*MATERIAL_FALLOFF In
		*MATERIAL_XP_TYPE Filter
		*MAP_DIFFUSE {
			*MAP_NAME "Map #7"
			*MAP_CLASS "Bitmap"
			*MAP_SUBNO 1
			*MAP_AMOUNT  1.0
			*BITMAP "D:\Work\googlecode_ldw9981 - copy\data\knight_sword.JPG"
			*MAP_TYPE Screen
			*UVW_U_OFFSET  0.0
			*UVW_V_OFFSET  0.0
			*UVW_U_TILING  1.0
			*UVW_V_TILING  1.0
			*UVW_ANGLE  0.0
			*UVW_BLUR  1.0
			*UVW_BLUR_OFFSET  0.0
			*UVW_NOUSE_AMT  1.0
			*UVW_NOISE_SIZE  1.0
			*UVW_NOISE_LEVEL 1
			*UVW_NOISE_PHASE  0.0
			*BITMAP_FILTER Pyramidal
		}
	}
	*MATERIAL 5 {
		*MATERIAL_NAME "ÆÈ¾Ç¼¼»ç¸®"
		*MATERIAL_CLASS "Standard"
		*MATERIAL_AMBIENT  0.6	 0.6	 0.6
		*MATERIAL_DIFFUSE  0.6	 0.6	 0.6
		*MATERIAL_SPECULAR  0.9	 0.9	 0.9
		*MATERIAL_SHINE  0.1
		*MATERIAL_SHINESTRENGTH  0.3
		*MATERIAL_TRANSPARENCY  0.0
		*MATERIAL_WIRESIZE  1.0
		*MATERIAL_SHADING Blinn
		*MATERIAL_XP_FALLOFF  0.0
		*MATERIAL_SELFILLUM  0.0
		*MATERIAL_TWOSIDED
		*MATERIAL_FALLOFF In
		*MATERIAL_XP_TYPE Filter
		*MAP_DIFFUSE {
			*MAP_NAME "Map #5"
			*MAP_CLASS "Bitmap"
			*MAP_SUBNO 1
			*MAP_AMOUNT  1.0
			*BITMAP "D:\Work\googlecode_ldw9981 - copy\data\knight_amrs_accessory.JPG"
			*MAP_TYPE Screen
			*UVW_U_OFFSET  0.0
			*UVW_V_OFFSET  0.0
			*UVW_U_TILING  1.0
			*UVW_V_TILING  1.0
			*UVW_ANGLE  0.0
			*UVW_BLUR  1.0
			*UVW_BLUR_OFFSET  0.0
			*UVW_NOUSE_AMT  1.0
			*UVW_NOISE_SIZE  1.0
			*UVW_NOISE_LEVEL 1
			*UVW_NOISE_PHASE  0.0
			*BITMAP_FILTER Pyramidal
		}
	}
	*MATERIAL 6 {
		*MATERIAL_NAME "°¡½¿¾Ç¼¼»ç¸®"
		*MATERIAL_CLASS "Standard"
		*MATERIAL_AMBIENT  0.6	 0.6	 0.6
		*MATERIAL_DIFFUSE  0.6	 0.6	 0.6
		*MATERIAL_SPECULAR  0.9	 0.9	 0.9
		*MATERIAL_SHINE  0.2
		*MATERIAL_SHINESTRENGTH  0.5
		*MATERIAL_TRANSPARENCY  0.0
		*MATERIAL_WIRESIZE  1.0
		*MATERIAL_SHADING Blinn
		*MATERIAL_XP_FALLOFF  0.0
		*MATERIAL_SELFILLUM  0.0
		*MATERIAL_TWOSIDED
		*MATERIAL_FALLOFF In
		*MATERIAL_XP_TYPE Filter
		*MAP_DIFFUSE {
			*MAP_NAME "Map #9"
			*MAP_CLASS "Bitmap"
			*MAP_SUBNO 1
			*MAP_AMOUNT  1.0
			*BITMAP "D:\Work\googlecode_ldw9981 - copy\data\knight_chest_accessory.JPG"
			*MAP_TYPE Screen
			*UVW_U_OFFSET  0.0
			*UVW_V_OFFSET  0.0
			*UVW_U_TILING  1.0
			*UVW_V_TILING  1.0
			*UVW_ANGLE  0.0
			*UVW_BLUR  1.0
			*UVW_BLUR_OFFSET  0.0
			*UVW_NOUSE_AMT  1.0
			*UVW_NOISE_SIZE  1.0
			*UVW_NOISE_LEVEL 1
			*UVW_NOISE_PHASE  0.0
			*BITMAP_FILTER Pyramidal
		}
	}
	*MATERIAL 7 {
		*MATERIAL_NAME "¸öÅë"
		*MATERIAL_CLASS "Standard"
		*MATERIAL_AMBIENT  0.6	 0.6	 0.6
		*MATERIAL_DIFFUSE  0.6	 0.6	 0.6
		*MATERIAL_SPECULAR  0.9	 0.9	 0.9
		*MATERIAL_SHINE  0.2
		*MATERIAL_SHINESTRENGTH  0.5
		*MATERIAL_TRANSPARENCY  0.0
		*MATERIAL_WIRESIZE  1.0
		*MATERIAL_SHADING Blinn
		*MATERIAL_XP_FALLOFF  0.0
		*MATERIAL_SELFILLUM  0.0
		*MATERIAL_TWOSIDED
		*MATERIAL_FALLOFF In
		*MATERIAL_XP_TYPE Filter
		*MAP_DIFFUSE {
			*MAP_NAME "Map #0"
			*MAP_CLASS "Bitmap"
			*MAP_SUBNO 1
			*MAP_AMOUNT  1.0
			*BITMAP "D:\Work\googlecode_ldw9981 - copy\data\knight_body.JPG"
			*MAP_TYPE Screen
			*UVW_U_OFFSET  0.0
			*UVW_V_OFFSET  0.0
			*UVW_U_TILING  1.0
			*UVW_V_TILING  1.0
			*UVW_ANGLE  0.0
			*UVW_BLUR  1.0
			*UVW_BLUR_OFFSET  0.0
			*UVW_NOUSE_AMT  1.0
			*UVW_NOISE_SIZE  1.0
			*UVW_NOISE_LEVEL 1
			*UVW_NOISE_PHASE  0.0
			*BITMAP_FILTER Pyramidal
		}
	}
}
*GEOMOBJECT {
	*NODE_NAME "legs"
	*NODE_TM {
		*NODE_NAME "legs"
		*INHERIT_POS 0 0 0
		*INHERIT_ROT 0 0 0
		*INHERIT_SCL 0 0 0
		*TM_ROW0 -0.0	 1.0	 0.0
		*TM_ROW1 -1.0	-0.0	 0.0
		*TM_ROW2  0.0	 0.0	 1.0
		*TM_ROW3  0.0	 0.0	-287.5
		*TM_POS  0.0	 0.0	-287.5
		*TM_ROTAXIS -0.0	-0.0	-1.0
		*TM_ROTANGLE  1.6
		*TM_SCALE  1.0	 1.0	 1.0
		*TM_SCALEAXIS  0.0	 0.0	 0.0
		*TM_SCALEAXISANG  0.0
	}
	*MESH {
		*TIMEVALUE 0
		*MESH_NUMBONE 33
		*MESH_NUMSKINWEIGHT 106
		*MESH_NUMVERTEX 106
		*MESH_NUMFACES 188
		*MESH_VERTEX_LIST {
			*MESH_VERTEX    0	45.6	21.4	-212.4
			*MESH_VERTEX    1	20.7	 5.7	-216.1
			*MESH_VERTEX    2	23.1	-16.6	-221.6
			*MESH_VERTEX    3	47.3	-30.5	-228.9
			*MESH_VERTEX    4	68.8	-17.2	-215.0
			*MESH_VERTEX    5	70.2	 5.0	-208.9
			*MESH_VERTEX    6	43.7	25.4	-198.5
			*MESH_VERTEX    7	18.6	 6.1	-202.2
			*MESH_VERTEX    8	14.8	-7.5	-202.9
			*MESH_VERTEX    9	42.8	-41.0	-199.0
			*MESH_VERTEX   10	71.7	-8.3	-194.6
			*MESH_VERTEX   11	68.2	 5.4	-195.0
			*MESH_VERTEX   12	41.4	21.3	-183.2
			*MESH_VERTEX   13	16.4	 5.6	-186.8
			*MESH_VERTEX   14	17.1	-14.3	-180.3
			*MESH_VERTEX   15	37.0	-30.8	-158.2
			*MESH_VERTEX   16	62.8	-15.0	-173.7
			*MESH_VERTEX   17	65.9	 4.9	-179.7
			*MESH_VERTEX   18	27.1	33.0	-76.2
			*MESH_VERTEX   19	 0.9	17.2	-84.0
			*MESH_VERTEX   20	 0.9	-14.8	-84.2
			*MESH_VERTEX   21	26.6	-31.0	-76.4
			*MESH_VERTEX   22	60.5	-15.2	-59.5
			*MESH_VERTEX   23	60.6	16.9	-59.3
			*MESH_VERTEX   24	19.4	-12.5	-202.3
			*MESH_VERTEX   25	26.3	-19.3	-217.6
			*MESH_VERTEX   26	46.3	-30.3	-222.1
			*MESH_VERTEX   27	64.5	-19.9	-212.1
			*MESH_VERTEX   28	66.9	-13.2	-195.4
			*MESH_VERTEX   29	59.5	-17.7	-177.7
			*MESH_VERTEX   30	38.6	-30.4	-168.8
			*MESH_VERTEX   31	21.3	-17.1	-183.3
			*MESH_VERTEX   32	45.4	-35.7	-216.7
			*MESH_VERTEX   33	60.1	-30.4	-196.4
			*MESH_VERTEX   34	39.7	-37.3	-177.1
			*MESH_VERTEX   35	25.7	-29.9	-201.4
			*MESH_VERTEX   36	46.2	-25.9	-222.6
			*MESH_VERTEX   37	19.8	11.6	-249.3
			*MESH_VERTEX   38	47.9	33.6	-242.9
			*MESH_VERTEX   39	81.2	10.7	-240.4
			*MESH_VERTEX   40	73.0	-6.6	-245.1
			*MESH_VERTEX   41	53.3	-22.3	-252.5
			*MESH_VERTEX   42	32.1	-6.0	-251.0
			*MESH_VERTEX   43	36.7	10.9	-288.1
			*MESH_VERTEX   44	60.5	21.7	-296.1
			*MESH_VERTEX   45	80.7	10.6	-278.5
			*MESH_VERTEX   46	74.4	-5.5	-288.8
			*MESH_VERTEX   47	60.1	-19.0	-291.6
			*MESH_VERTEX   48	44.9	-5.4	-293.0
			*MESH_VERTEX   49	49.8	 0.0	-340.3
			*MESH_VERTEX   50	65.2	13.5	-339.1
			*MESH_VERTEX   51	82.8	 5.9	-338.0
			*MESH_VERTEX   52	79.7	-2.5	-338.6
			*MESH_VERTEX   53	69.7	-16.2	-333.5
			*MESH_VERTEX   54	55.6	-6.8	-340.3
			*MESH_VERTEX   55	44.4	-2.8	-369.1
			*MESH_VERTEX   56	65.1	18.8	-353.6
			*MESH_VERTEX   57	88.0	11.3	-368.5
			*MESH_VERTEX   58	85.3	-5.2	-347.5
			*MESH_VERTEX   59	71.6	-19.8	-338.5
			*MESH_VERTEX   60	53.6	-12.5	-349.1
			*MESH_VERTEX   61	49.9	-2.2	-361.2
			*MESH_VERTEX   62	66.0	12.1	-348.0
			*MESH_VERTEX   63	84.7	 6.5	-359.8
			*MESH_VERTEX   64	80.1	-4.4	-347.4
			*MESH_VERTEX   65	69.8	-15.4	-339.1
			*MESH_VERTEX   66	57.1	-8.6	-348.9
			*MESH_VERTEX   67	27.6	30.0	-20.6
			*MESH_VERTEX   68	 3.9	33.5	-20.5
			*MESH_VERTEX   69	 3.9	-33.5	-20.5
			*MESH_VERTEX   70	27.6	-30.0	-20.6
			*MESH_VERTEX   71	47.7	-15.0	-20.6
			*MESH_VERTEX   72	47.7	15.0	-20.6
			*MESH_VERTEX   73	-5.1	15.2	-84.3
			*MESH_VERTEX   74	-5.0	-14.8	-84.3
			*MESH_VERTEX   75	-5.6	-33.5	-20.5
			*MESH_VERTEX   76	-5.6	33.5	-20.5
			*MESH_VERTEX   77	41.5	25.0	-183.2
			*MESH_VERTEX   78	45.7	25.1	-212.4
			*MESH_VERTEX   79	76.0	22.3	-263.8
			*MESH_VERTEX   80	58.0	30.0	-276.7
			*MESH_VERTEX   81	37.0	22.6	-271.0
			*MESH_VERTEX   82	45.5	-4.2	-377.7
			*MESH_VERTEX   83	60.3	20.7	-377.7
			*MESH_VERTEX   84	87.0	10.4	-377.6
			*MESH_VERTEX   85	90.4	-2.3	-377.6
			*MESH_VERTEX   86	74.0	-19.6	-377.6
			*MESH_VERTEX   87	50.9	-16.2	-377.7
			*MESH_VERTEX   88	93.9	-30.9	-363.7
			*MESH_VERTEX   89	81.6	-40.8	-358.1
			*MESH_VERTEX   90	66.1	-40.8	-363.7
			*MESH_VERTEX   91	62.5	-46.6	-377.6
			*MESH_VERTEX   92	84.9	-50.3	-377.5
			*MESH_VERTEX   93	100.5	-33.2	-377.5
			*MESH_VERTEX   94	101.5	-60.0	-369.4
			*MESH_VERTEX   95	92.4	-71.3	-363.4
			*MESH_VERTEX   96	78.6	-68.2	-369.4
			*MESH_VERTEX   97	76.8	-75.1	-377.5
			*MESH_VERTEX   98	98.3	-87.8	-377.4
			*MESH_VERTEX   99	107.3	-64.2	-377.4
			*MESH_VERTEX  100	49.9	-2.2	-361.2
			*MESH_VERTEX  101	66.0	12.1	-348.0
			*MESH_VERTEX  102	84.7	 6.5	-359.8
			*MESH_VERTEX  103	80.1	-4.4	-347.4
			*MESH_VERTEX  104	69.8	-15.4	-339.1
			*MESH_VERTEX  105	57.1	-8.6	-348.9
		}
		*SKIN_INITTM {
			*TM_ROW0 -0.000000	1.000000	0.000000
			*TM_ROW1 -1.000000	-0.000000	0.000000
			*TM_ROW2 0.000000	0.000000	1.000000
			*TM_ROW3 0.000000	0.000013	-287.484497
		}
		*BONE_LIST {
			*BONE 0 {
				*BONE_NAME "Bip01 Head"
				*BONE_PROPERTY ABSOLUTE
				*TM_ROW0 0.000000	0.000001	1.000000
				*TM_ROW1 -0.000001	-1.000000	0.000001
				*TM_ROW2 1.000000	-0.000001	-0.000000
				*TM_ROW3 0.000000	-0.000002	127.255386
			}
			*BONE 1 {
				*BONE_NAME "Bip01 L Calf"
				*BONE_PROPERTY ABSOLUTE
				*TM_ROW0 0.390127	0.042537	-0.919778
				*TM_ROW1 0.012130	-0.999083	-0.041060
				*TM_ROW2 -0.920681	0.004862	-0.390285
				*TM_ROW3 74.303169	-7.335867	-190.764999
			}
			*BONE 2 {
				*BONE_NAME "Bip01 L Clavicle"
				*BONE_PROPERTY ABSOLUTE
				*TM_ROW0 0.979789	-0.023317	-0.198669
				*TM_ROW1 0.023791	0.999717	0.000000
				*TM_ROW2 0.198613	-0.004727	0.980067
				*TM_ROW3 8.999432	0.000012	96.502625
			}
			*BONE 3 {
				*BONE_NAME "Bip01 L Finger0"
				*BONE_PROPERTY ABSOLUTE
				*TM_ROW0 0.345430	-0.616726	-0.707338
				*TM_ROW1 -0.491031	0.523541	-0.696271
				*TM_ROW2 0.799729	0.587838	-0.121985
				*TM_ROW3 170.870926	-13.611671	-25.784603
			}
			*BONE 4 {
				*BONE_NAME "Bip01 L Finger1"
				*BONE_PROPERTY ABSOLUTE
				*TM_ROW0 0.757733	-0.004912	-0.652546
				*TM_ROW1 -0.652554	-0.000001	-0.757742
				*TM_ROW2 0.003721	0.999988	-0.003206
				*TM_ROW3 186.438477	-0.696653	-33.092777
			}
			*BONE 5 {
				*BONE_NAME "Bip01 L Finger01"
				*BONE_PROPERTY ABSOLUTE
				*TM_ROW0 0.345430	-0.616726	-0.707338
				*TM_ROW1 -0.491031	0.523541	-0.696271
				*TM_ROW2 0.799729	0.587838	-0.121985
				*TM_ROW3 172.546539	-16.603275	-29.215748
			}
			*BONE 6 {
				*BONE_NAME "Bip01 L Finger02"
				*BONE_PROPERTY ABSOLUTE
				*TM_ROW0 0.345430	-0.616726	-0.707338
				*TM_ROW1 -0.491031	0.523541	-0.696271
				*TM_ROW2 0.799729	0.587838	-0.121985
				*TM_ROW3 175.990524	-22.752121	-36.268005
			}
			*BONE 7 {
				*BONE_NAME "Bip01 L Finger11"
				*BONE_PROPERTY ABSOLUTE
				*TM_ROW0 0.757733	-0.004912	-0.652546
				*TM_ROW1 -0.652554	-0.000001	-0.757742
				*TM_ROW2 0.003721	0.999988	-0.003206
				*TM_ROW3 195.784058	-0.757235	-41.141029
			}
			*BONE 8 {
				*BONE_NAME "Bip01 L Finger12"
				*BONE_PROPERTY ABSOLUTE
				*TM_ROW0 0.757733	-0.004912	-0.652546
				*TM_ROW1 -0.652554	-0.000001	-0.757742
				*TM_ROW2 0.003721	0.999988	-0.003206
				*TM_ROW3 201.184311	-0.792242	-45.791630
			}
			*BONE 9 {
				*BONE_NAME "Bip01 L Foot"
				*BONE_PROPERTY ABSOLUTE
				*TM_ROW0 0.390654	0.000001	-0.920538
				*TM_ROW1 0.000001	-1.000000	-0.000000
				*TM_ROW2 -0.920538	-0.000001	-0.390654
				*TM_ROW3 131.883560	-1.057603	-326.518585
			}
			*BONE 10 {
				*BONE_NAME "Bip01 L Forearm"
				*BONE_PROPERTY ABSOLUTE
				*TM_ROW0 0.757733	-0.004912	-0.652546
				*TM_ROW1 0.003721	0.999988	-0.003206
				*TM_ROW2 0.652554	0.000001	0.757742
				*TM_ROW3 117.804482	-0.779270	24.365341
			}
			*BONE 11 {
				*BONE_NAME "Bip01 L Hand"
				*BONE_PROPERTY ABSOLUTE
				*TM_ROW0 0.757733	-0.004912	-0.652546
				*TM_ROW1 -0.652551	0.000795	-0.757745
				*TM_ROW2 0.004241	0.999988	-0.002603
				*TM_ROW3 167.424576	-1.100930	-18.366585
			}
			*BONE 12 {
				*BONE_NAME "Bip01 L Thigh"
				*BONE_PROPERTY ABSOLUTE
				*TM_ROW0 0.389352	-0.058782	-0.919211
				*TM_ROW1 -0.027411	-0.998259	0.052227
				*TM_ROW2 -0.920681	0.004862	-0.390285
				*TM_ROW3 25.712662	0.000042	-76.048920
			}
			*BONE 13 {
				*BONE_NAME "Bip01 L Toe0"
				*BONE_PROPERTY ABSOLUTE
				*TM_ROW0 0.000001	-1.000000	-0.000000
				*TM_ROW1 -0.390654	-0.000001	0.920538
				*TM_ROW2 -0.920538	-0.000001	-0.390654
				*TM_ROW3 145.429214	-44.535362	-358.437439
			}
			*BONE 14 {
				*BONE_NAME "Bip01 L UpperArm"
				*BONE_PROPERTY ABSOLUTE
				*TM_ROW0 0.757742	0.000001	-0.652554
				*TM_ROW1 -0.000001	1.000000	-0.000000
				*TM_ROW2 0.652554	0.000001	0.757742
				*TM_ROW3 41.750320	-0.779381	89.861809
			}
			*BONE 15 {
				*BONE_NAME "Bip01 Neck"
				*BONE_PROPERTY ABSOLUTE
				*TM_ROW0 0.000000	-0.000796	1.000000
				*TM_ROW1 -0.000001	-1.000000	-0.000796
				*TM_ROW2 1.000000	-0.000001	-0.000000
				*TM_ROW3 -0.000000	0.024487	96.502640
			}
			*BONE 16 {
				*BONE_NAME "Bip01 Pelvis"
				*BONE_PROPERTY ABSOLUTE
				*TM_ROW0 -0.000001	-0.000000	1.000000
				*TM_ROW1 0.000003	-1.000000	0.000000
				*TM_ROW2 1.000000	0.000003	0.000001
				*TM_ROW3 0.000000	0.000004	-76.048920
			}
			*BONE 17 {
				*BONE_NAME "Bip01 R Calf"
				*BONE_PROPERTY ABSOLUTE
				*TM_ROW0 -0.390127	0.042536	-0.919778
				*TM_ROW1 -0.012127	-0.999083	-0.041060
				*TM_ROW2 -0.920681	-0.004864	0.390285
				*TM_ROW3 -74.303146	-7.336080	-190.764999
			}
			*BONE 18 {
				*BONE_NAME "Bip01 R Clavicle"
				*BONE_PROPERTY ABSOLUTE
				*TM_ROW0 -0.979789	-0.023319	-0.198669
				*TM_ROW1 -0.023794	0.999717	0.000000
				*TM_ROW2 0.198613	0.004727	-0.980067
				*TM_ROW3 -8.999432	-0.000013	96.502625
			}
			*BONE 19 {
				*BONE_NAME "Bip01 R Finger0"
				*BONE_PROPERTY ABSOLUTE
				*TM_ROW0 -0.345428	-0.616727	-0.707338
				*TM_ROW1 0.491030	0.523543	-0.696271
				*TM_ROW2 0.799730	-0.587836	0.121985
				*TM_ROW3 -170.870865	-13.612163	-25.784603
			}
			*BONE 20 {
				*BONE_NAME "Bip01 R Finger01"
				*BONE_PROPERTY ABSOLUTE
				*TM_ROW0 -0.345428	-0.616727	-0.707338
				*TM_ROW1 0.491030	0.523543	-0.696271
				*TM_ROW2 0.799730	-0.587836	0.121985
				*TM_ROW3 -172.546463	-16.603771	-29.215748
			}
			*BONE 21 {
				*BONE_NAME "Bip01 R Finger1"
				*BONE_PROPERTY ABSOLUTE
				*TM_ROW0 -0.757733	-0.004914	-0.652546
				*TM_ROW1 0.652554	0.000001	-0.757742
				*TM_ROW2 0.003724	-0.999988	0.003206
				*TM_ROW3 -186.438461	-0.697189	-33.092777
			}
			*BONE 22 {
				*BONE_NAME "Bip01 R Finger02"
				*BONE_PROPERTY ABSOLUTE
				*TM_ROW0 -0.345428	-0.616727	-0.707338
				*TM_ROW1 0.491030	0.523543	-0.696271
				*TM_ROW2 0.799730	-0.587836	0.121985
				*TM_ROW3 -175.990433	-22.752626	-36.268005
			}
			*BONE 23 {
				*BONE_NAME "Bip01 R Finger11"
				*BONE_PROPERTY ABSOLUTE
				*TM_ROW0 -0.757733	-0.004914	-0.652546
				*TM_ROW1 0.652554	0.000001	-0.757742
				*TM_ROW2 0.003724	-0.999988	0.003206
				*TM_ROW3 -195.784042	-0.757799	-41.141029
			}
			*BONE 24 {
				*BONE_NAME "Bip01 R Finger12"
				*BONE_PROPERTY ABSOLUTE
				*TM_ROW0 -0.757733	-0.004914	-0.652546
				*TM_ROW1 0.652554	0.000001	-0.757742
				*TM_ROW2 0.003724	-0.999988	0.003206
				*TM_ROW3 -201.184296	-0.792821	-45.791630
			}
			*BONE 25 {
				*BONE_NAME "Bip01 R Foot"
				*BONE_PROPERTY ABSOLUTE
				*TM_ROW0 -0.390654	-0.000001	-0.920538
				*TM_ROW1 0.000001	-1.000000	-0.000000
				*TM_ROW2 -0.920538	-0.000001	0.390654
				*TM_ROW3 -131.883560	-1.057984	-326.518585
			}
			*BONE 26 {
				*BONE_NAME "Bip01 R Forearm"
				*BONE_PROPERTY ABSOLUTE
				*TM_ROW0 -0.757733	-0.004914	-0.652546
				*TM_ROW1 -0.003724	0.999988	-0.003206
				*TM_ROW2 0.652554	0.000001	-0.757742
				*TM_ROW3 -117.804474	-0.779606	24.365341
			}
			*BONE 27 {
				*BONE_NAME "Bip01 R Hand"
				*BONE_PROPERTY ABSOLUTE
				*TM_ROW0 -0.757733	-0.004914	-0.652546
				*TM_ROW1 0.652551	0.000797	-0.757745
				*TM_ROW2 0.004244	-0.999988	0.002603
				*TM_ROW3 -167.424561	-1.101411	-18.366585
			}
			*BONE 28 {
				*BONE_NAME "Bip01 R Thigh"
				*BONE_PROPERTY ABSOLUTE
				*TM_ROW0 -0.389352	-0.058783	-0.919211
				*TM_ROW1 0.027414	-0.998259	0.052227
				*TM_ROW2 -0.920681	-0.004864	0.390285
				*TM_ROW3 -25.712662	-0.000028	-76.048920
			}
			*BONE 29 {
				*BONE_NAME "Bip01 R Toe0"
				*BONE_PROPERTY ABSOLUTE
				*TM_ROW0 0.000001	-1.000000	-0.000000
				*TM_ROW1 0.390654	0.000000	0.920538
				*TM_ROW2 -0.920538	-0.000001	0.390654
				*TM_ROW3 -145.429092	-44.535778	-358.437439
			}
			*BONE 30 {
				*BONE_NAME "Bip01 R UpperArm"
				*BONE_PROPERTY ABSOLUTE
				*TM_ROW0 -0.757742	-0.000001	-0.652554
				*TM_ROW1 -0.000001	1.000000	-0.000000
				*TM_ROW2 0.652554	0.000001	-0.757742
				*TM_ROW3 -41.750317	-0.779495	89.861809
			}
			*BONE 31 {
				*BONE_NAME "Bip01 Spine"
				*BONE_PROPERTY ABSOLUTE
				*TM_ROW0 0.000000	-0.000796	1.000000
				*TM_ROW1 -0.000001	-1.000000	-0.000796
				*TM_ROW2 1.000000	-0.000001	-0.000000
				*TM_ROW3 -0.000000	0.040295	-46.479340
			}
			*BONE 32 {
				*BONE_NAME "Bip01 Spine1"
				*BONE_PROPERTY ABSOLUTE
				*TM_ROW0 0.000000	-0.000796	1.000000
				*TM_ROW1 -0.000001	-1.000000	-0.000796
				*TM_ROW2 1.000000	-0.000001	-0.000000
				*TM_ROW3 -0.000000	0.073567	4.117577
			}
		}
		*MESH_WVERTEXS {
			*MESH_WEIGHT 0 {
				*BONE_BLENGING_WEIGHT 1	0.310376
				*BONE_BLENGING_WEIGHT 12	0.689624
			}
			*MESH_WEIGHT 1 {
				*BONE_BLENGING_WEIGHT 1	0.280226
				*BONE_BLENGING_WEIGHT 12	0.719774
			}
			*MESH_WEIGHT 2 {
				*BONE_BLENGING_WEIGHT 1	0.333359
				*BONE_BLENGING_WEIGHT 12	0.666641
			}
			*MESH_WEIGHT 3 {
				*BONE_BLENGING_WEIGHT 1	0.478163
				*BONE_BLENGING_WEIGHT 12	0.521837
			}
			*MESH_WEIGHT 4 {
				*BONE_BLENGING_WEIGHT 1	0.340092
				*BONE_BLENGING_WEIGHT 12	0.659908
			}
			*MESH_WEIGHT 5 {
				*BONE_BLENGING_WEIGHT 1	0.285994
				*BONE_BLENGING_WEIGHT 12	0.714005
			}
			*MESH_WEIGHT 6 {
				*BONE_BLENGING_WEIGHT 1	0.168722
				*BONE_BLENGING_WEIGHT 12	0.831278
			}
			*MESH_WEIGHT 7 {
				*BONE_BLENGING_WEIGHT 1	0.225748
				*BONE_BLENGING_WEIGHT 12	0.774252
			}
			*MESH_WEIGHT 8 {
				*BONE_BLENGING_WEIGHT 1	0.197034
				*BONE_BLENGING_WEIGHT 12	0.802966
			}
			*MESH_WEIGHT 9 {
				*BONE_BLENGING_WEIGHT 1	0.079953
				*BONE_BLENGING_WEIGHT 12	0.920047
			}
			*MESH_WEIGHT 10 {
				*BONE_BLENGING_WEIGHT 1	0.198744
				*BONE_BLENGING_WEIGHT 12	0.801256
			}
			*MESH_WEIGHT 11 {
				*BONE_BLENGING_WEIGHT 1	0.226290
				*BONE_BLENGING_WEIGHT 12	0.773710
			}
			*MESH_WEIGHT 12 {
				*BONE_BLENGING_WEIGHT 1	0.112496
				*BONE_BLENGING_WEIGHT 12	0.887504
			}
			*MESH_WEIGHT 13 {
				*BONE_BLENGING_WEIGHT 1	0.107261
				*BONE_BLENGING_WEIGHT 12	0.892739
			}
			*MESH_WEIGHT 14 {
				*BONE_BLENGING_WEIGHT 1	0.061895
				*BONE_BLENGING_WEIGHT 12	0.938105
			}
			*MESH_WEIGHT 15 {
				*BONE_BLENGING_WEIGHT 12	1.000000
			}
			*MESH_WEIGHT 16 {
				*BONE_BLENGING_WEIGHT 1	0.064885
				*BONE_BLENGING_WEIGHT 12	0.935115
			}
			*MESH_WEIGHT 17 {
				*BONE_BLENGING_WEIGHT 1	0.111115
				*BONE_BLENGING_WEIGHT 12	0.888885
			}
			*MESH_WEIGHT 18 {
				*BONE_BLENGING_WEIGHT 12	0.577951
				*BONE_BLENGING_WEIGHT 16	0.184302
				*BONE_BLENGING_WEIGHT 28	0.001497
				*BONE_BLENGING_WEIGHT 31	0.236250
			}
			*MESH_WEIGHT 19 {
				*BONE_BLENGING_WEIGHT 12	0.273456
				*BONE_BLENGING_WEIGHT 16	0.421628
				*BONE_BLENGING_WEIGHT 28	0.237613
				*BONE_BLENGING_WEIGHT 31	0.067303
			}
			*MESH_WEIGHT 20 {
				*BONE_BLENGING_WEIGHT 12	0.267834
				*BONE_BLENGING_WEIGHT 16	0.437981
				*BONE_BLENGING_WEIGHT 28	0.232053
				*BONE_BLENGING_WEIGHT 31	0.062132
			}
			*MESH_WEIGHT 21 {
				*BONE_BLENGING_WEIGHT 12	0.579491
				*BONE_BLENGING_WEIGHT 16	0.209597
				*BONE_BLENGING_WEIGHT 28	0.002405
				*BONE_BLENGING_WEIGHT 31	0.208506
			}
			*MESH_WEIGHT 22 {
				*BONE_BLENGING_WEIGHT 12	0.268692
				*BONE_BLENGING_WEIGHT 16	0.025263
				*BONE_BLENGING_WEIGHT 31	0.706045
			}
			*MESH_WEIGHT 23 {
				*BONE_BLENGING_WEIGHT 12	0.257035
				*BONE_BLENGING_WEIGHT 16	0.020463
				*BONE_BLENGING_WEIGHT 31	0.722502
			}
			*MESH_WEIGHT 24 {
				*BONE_BLENGING_WEIGHT 1	0.258206
				*BONE_BLENGING_WEIGHT 12	0.741794
			}
			*MESH_WEIGHT 25 {
				*BONE_BLENGING_WEIGHT 1	0.331385
				*BONE_BLENGING_WEIGHT 12	0.668615
			}
			*MESH_WEIGHT 26 {
				*BONE_BLENGING_WEIGHT 1	0.377273
				*BONE_BLENGING_WEIGHT 12	0.622727
			}
			*MESH_WEIGHT 27 {
				*BONE_BLENGING_WEIGHT 1	0.334445
				*BONE_BLENGING_WEIGHT 12	0.665555
			}
			*MESH_WEIGHT 28 {
				*BONE_BLENGING_WEIGHT 1	0.255626
				*BONE_BLENGING_WEIGHT 12	0.744374
			}
			*MESH_WEIGHT 29 {
				*BONE_BLENGING_WEIGHT 1	0.123434
				*BONE_BLENGING_WEIGHT 12	0.876566
			}
			*MESH_WEIGHT 30 {
				*BONE_BLENGING_WEIGHT 1	0.007791
				*BONE_BLENGING_WEIGHT 12	0.992209
			}
			*MESH_WEIGHT 31 {
				*BONE_BLENGING_WEIGHT 1	0.122860
				*BONE_BLENGING_WEIGHT 12	0.877140
			}
			*MESH_WEIGHT 32 {
				*BONE_BLENGING_WEIGHT 1	0.206175
				*BONE_BLENGING_WEIGHT 12	0.793825
			}
			*MESH_WEIGHT 33 {
				*BONE_BLENGING_WEIGHT 1	0.170155
				*BONE_BLENGING_WEIGHT 12	0.829845
			}
			*MESH_WEIGHT 34 {
				*BONE_BLENGING_WEIGHT 1	0.018392
				*BONE_BLENGING_WEIGHT 12	0.981609
			}
			*MESH_WEIGHT 35 {
				*BONE_BLENGING_WEIGHT 1	0.168613
				*BONE_BLENGING_WEIGHT 12	0.831387
			}
			*MESH_WEIGHT 36 {
				*BONE_BLENGING_WEIGHT 1	0.471858
				*BONE_BLENGING_WEIGHT 12	0.528141
			}
			*MESH_WEIGHT 37 {
				*BONE_BLENGING_WEIGHT 1	0.860284
				*BONE_BLENGING_WEIGHT 12	0.139716
			}
			*MESH_WEIGHT 38 {
				*BONE_BLENGING_WEIGHT 1	0.774722
				*BONE_BLENGING_WEIGHT 12	0.225278
			}
			*MESH_WEIGHT 39 {
				*BONE_BLENGING_WEIGHT 1	0.847456
				*BONE_BLENGING_WEIGHT 12	0.152544
			}
			*MESH_WEIGHT 40 {
				*BONE_BLENGING_WEIGHT 1	0.945497
				*BONE_BLENGING_WEIGHT 12	0.054503
			}
			*MESH_WEIGHT 41 {
				*BONE_BLENGING_WEIGHT 1	0.977960
				*BONE_BLENGING_WEIGHT 12	0.022040
			}
			*MESH_WEIGHT 42 {
				*BONE_BLENGING_WEIGHT 1	0.954047
				*BONE_BLENGING_WEIGHT 12	0.045953
			}
			*MESH_WEIGHT 43 {
				*BONE_BLENGING_WEIGHT 1	0.999102
				*BONE_BLENGING_WEIGHT 9	0.000898
			}
			*MESH_WEIGHT 44 {
				*BONE_BLENGING_WEIGHT 1	0.972938
				*BONE_BLENGING_WEIGHT 9	0.027062
			}
			*MESH_WEIGHT 45 {
				*BONE_BLENGING_WEIGHT 1	1.000000
			}
			*MESH_WEIGHT 46 {
				*BONE_BLENGING_WEIGHT 1	0.965793
				*BONE_BLENGING_WEIGHT 9	0.034207
			}
			*MESH_WEIGHT 47 {
				*BONE_BLENGING_WEIGHT 1	0.929827
				*BONE_BLENGING_WEIGHT 9	0.070173
			}
			*MESH_WEIGHT 48 {
				*BONE_BLENGING_WEIGHT 1	0.971735
				*BONE_BLENGING_WEIGHT 9	0.028265
			}
			*MESH_WEIGHT 49 {
				*BONE_BLENGING_WEIGHT 1	0.492157
				*BONE_BLENGING_WEIGHT 9	0.507843
			}
			*MESH_WEIGHT 50 {
				*BONE_BLENGING_WEIGHT 1	0.639819
				*BONE_BLENGING_WEIGHT 9	0.360181
			}
			*MESH_WEIGHT 51 {
				*BONE_BLENGING_WEIGHT 1	0.445061
				*BONE_BLENGING_WEIGHT 9	0.554939
			}
			*MESH_WEIGHT 52 {
				*BONE_BLENGING_WEIGHT 1	0.450350
				*BONE_BLENGING_WEIGHT 9	0.549650
			}
			*MESH_WEIGHT 53 {
				*BONE_BLENGING_WEIGHT 1	0.388279
				*BONE_BLENGING_WEIGHT 9	0.611721
			}
			*MESH_WEIGHT 54 {
				*BONE_BLENGING_WEIGHT 1	0.500000
				*BONE_BLENGING_WEIGHT 9	0.500000
			}
			*MESH_WEIGHT 55 {
				*BONE_BLENGING_WEIGHT 1	0.094043
				*BONE_BLENGING_WEIGHT 9	0.905957
			}
			*MESH_WEIGHT 56 {
				*BONE_BLENGING_WEIGHT 1	0.542163
				*BONE_BLENGING_WEIGHT 9	0.457837
			}
			*MESH_WEIGHT 57 {
				*BONE_BLENGING_WEIGHT 1	0.067717
				*BONE_BLENGING_WEIGHT 9	0.932283
			}
			*MESH_WEIGHT 58 {
				*BONE_BLENGING_WEIGHT 1	0.296682
				*BONE_BLENGING_WEIGHT 9	0.703318
			}
			*MESH_WEIGHT 59 {
				*BONE_BLENGING_WEIGHT 1	0.281880
				*BONE_BLENGING_WEIGHT 9	0.718120
			}
			*MESH_WEIGHT 60 {
				*BONE_BLENGING_WEIGHT 1	0.352449
				*BONE_BLENGING_WEIGHT 9	0.647551
			}
			*MESH_WEIGHT 61 {
				*BONE_BLENGING_WEIGHT 1	0.286801
				*BONE_BLENGING_WEIGHT 9	0.713199
			}
			*MESH_WEIGHT 62 {
				*BONE_BLENGING_WEIGHT 1	0.613496
				*BONE_BLENGING_WEIGHT 9	0.386504
			}
			*MESH_WEIGHT 63 {
				*BONE_BLENGING_WEIGHT 1	0.250113
				*BONE_BLENGING_WEIGHT 9	0.749887
			}
			*MESH_WEIGHT 64 {
				*BONE_BLENGING_WEIGHT 1	0.431551
				*BONE_BLENGING_WEIGHT 9	0.568449
			}
			*MESH_WEIGHT 65 {
				*BONE_BLENGING_WEIGHT 1	0.404755
				*BONE_BLENGING_WEIGHT 9	0.595245
			}
			*MESH_WEIGHT 66 {
				*BONE_BLENGING_WEIGHT 1	0.482699
				*BONE_BLENGING_WEIGHT 9	0.517301
			}
			*MESH_WEIGHT 67 {
				*BONE_BLENGING_WEIGHT 12	0.000743
				*BONE_BLENGING_WEIGHT 31	0.928631
				*BONE_BLENGING_WEIGHT 32	0.070627
			}
			*MESH_WEIGHT 68 {
				*BONE_BLENGING_WEIGHT 31	0.928284
				*BONE_BLENGING_WEIGHT 32	0.071716
			}
			*MESH_WEIGHT 69 {
				*BONE_BLENGING_WEIGHT 31	0.928370
				*BONE_BLENGING_WEIGHT 32	0.071630
			}
			*MESH_WEIGHT 70 {
				*BONE_BLENGING_WEIGHT 12	0.000811
				*BONE_BLENGING_WEIGHT 31	0.928636
				*BONE_BLENGING_WEIGHT 32	0.070553
			}
			*MESH_WEIGHT 71 {
				*BONE_BLENGING_WEIGHT 12	0.001950
				*BONE_BLENGING_WEIGHT 31	0.909445
				*BONE_BLENGING_WEIGHT 32	0.088606
			}
			*MESH_WEIGHT 72 {
				*BONE_BLENGING_WEIGHT 12	0.001889
				*BONE_BLENGING_WEIGHT 31	0.909399
				*BONE_BLENGING_WEIGHT 32	0.088713
			}
			*MESH_WEIGHT 73 {
				*BONE_BLENGING_WEIGHT 12	0.158916
				*BONE_BLENGING_WEIGHT 16	0.433891
				*BONE_BLENGING_WEIGHT 28	0.347591
				*BONE_BLENGING_WEIGHT 31	0.059601
			}
			*MESH_WEIGHT 74 {
				*BONE_BLENGING_WEIGHT 12	0.159053
				*BONE_BLENGING_WEIGHT 16	0.429682
				*BONE_BLENGING_WEIGHT 28	0.352289
				*BONE_BLENGING_WEIGHT 31	0.058975
			}
			*MESH_WEIGHT 75 {
				*BONE_BLENGING_WEIGHT 31	0.928161
				*BONE_BLENGING_WEIGHT 32	0.071839
			}
			*MESH_WEIGHT 76 {
				*BONE_BLENGING_WEIGHT 31	0.928076
				*BONE_BLENGING_WEIGHT 32	0.071924
			}
			*MESH_WEIGHT 77 {
				*BONE_BLENGING_WEIGHT 1	0.069241
				*BONE_BLENGING_WEIGHT 12	0.930759
			}
			*MESH_WEIGHT 78 {
				*BONE_BLENGING_WEIGHT 1	0.236497
				*BONE_BLENGING_WEIGHT 12	0.763503
			}
			*MESH_WEIGHT 79 {
				*BONE_BLENGING_WEIGHT 1	1.000000
			}
			*MESH_WEIGHT 80 {
				*BONE_BLENGING_WEIGHT 1	1.000000
			}
			*MESH_WEIGHT 81 {
				*BONE_BLENGING_WEIGHT 1	1.000000
			}
			*MESH_WEIGHT 82 {
				*BONE_BLENGING_WEIGHT 1	0.011164
				*BONE_BLENGING_WEIGHT 9	0.988836
			}
			*MESH_WEIGHT 83 {
				*BONE_BLENGING_WEIGHT 1	0.022596
				*BONE_BLENGING_WEIGHT 9	0.977404
			}
			*MESH_WEIGHT 84 {
				*BONE_BLENGING_WEIGHT 1	0.005544
				*BONE_BLENGING_WEIGHT 9	0.994456
			}
			*MESH_WEIGHT 85 {
				*BONE_BLENGING_WEIGHT 1	0.001986
				*BONE_BLENGING_WEIGHT 9	0.998014
			}
			*MESH_WEIGHT 86 {
				*BONE_BLENGING_WEIGHT 1	0.005145
				*BONE_BLENGING_WEIGHT 9	0.994855
			}
			*MESH_WEIGHT 87 {
				*BONE_BLENGING_WEIGHT 1	0.004333
				*BONE_BLENGING_WEIGHT 9	0.995667
			}
			*MESH_WEIGHT 88 {
				*BONE_BLENGING_WEIGHT 9	1.000000
			}
			*MESH_WEIGHT 89 {
				*BONE_BLENGING_WEIGHT 9	0.999725
				*BONE_BLENGING_WEIGHT 13	0.000275
			}
			*MESH_WEIGHT 90 {
				*BONE_BLENGING_WEIGHT 9	1.000000
			}
			*MESH_WEIGHT 91 {
				*BONE_BLENGING_WEIGHT 9	1.000000
			}
			*MESH_WEIGHT 92 {
				*BONE_BLENGING_WEIGHT 9	0.235725
				*BONE_BLENGING_WEIGHT 13	0.764275
			}
			*MESH_WEIGHT 93 {
				*BONE_BLENGING_WEIGHT 9	1.000000
			}
			*MESH_WEIGHT 94 {
				*BONE_BLENGING_WEIGHT 9	0.852534
				*BONE_BLENGING_WEIGHT 13	0.147466
			}
			*MESH_WEIGHT 95 {
				*BONE_BLENGING_WEIGHT 9	0.093457
				*BONE_BLENGING_WEIGHT 13	0.906543
			}
			*MESH_WEIGHT 96 {
				*BONE_BLENGING_WEIGHT 9	0.499792
				*BONE_BLENGING_WEIGHT 13	0.500208
			}
			*MESH_WEIGHT 97 {
				*BONE_BLENGING_WEIGHT 9	0.996911
				*BONE_BLENGING_WEIGHT 13	0.003089
			}
			*MESH_WEIGHT 98 {
				*BONE_BLENGING_WEIGHT 13	1.000000
			}
			*MESH_WEIGHT 99 {
				*BONE_BLENGING_WEIGHT 9	1.000000
			}
			*MESH_WEIGHT 100 {
				*BONE_BLENGING_WEIGHT 1	0.286801
				*BONE_BLENGING_WEIGHT 9	0.713199
			}
			*MESH_WEIGHT 101 {
				*BONE_BLENGING_WEIGHT 1	0.613496
				*BONE_BLENGING_WEIGHT 9	0.386504
			}
			*MESH_WEIGHT 102 {
				*BONE_BLENGING_WEIGHT 1	0.250113
				*BONE_BLENGING_WEIGHT 9	0.749887
			}
			*MESH_WEIGHT 103 {
				*BONE_BLENGING_WEIGHT 1	0.431551
				*BONE_BLENGING_WEIGHT 9	0.568449
			}
			*MESH_WEIGHT 104 {
				*BONE_BLENGING_WEIGHT 1	0.404755
				*BONE_BLENGING_WEIGHT 9	0.595245
			}
			*MESH_WEIGHT 105 {
				*BONE_BLENGING_WEIGHT 1	0.482699
				*BONE_BLENGING_WEIGHT 9	0.517301
			}
		}
		*MESH_FACE_LIST {
			*MESH_FACE    0:    A:   78 B:    1 C:    7 AB:    1 BC:    1 CA:    0	 *MESH_SMOOTHING 1 	*MESH_MTLID 0
			*MESH_FACE    1:    A:    7 B:    6 C:   78 AB:    1 BC:    1 CA:    0	 *MESH_SMOOTHING 1 	*MESH_MTLID 0
			*MESH_FACE    2:    A:    1 B:    2 C:    8 AB:    1 BC:    1 CA:    0	 *MESH_SMOOTHING 1 	*MESH_MTLID 0
			*MESH_FACE    3:    A:    8 B:    7 C:    1 AB:    1 BC:    1 CA:    0	 *MESH_SMOOTHING 1 	*MESH_MTLID 0
			*MESH_FACE    4:    A:   32 B:    9 C:   35 AB:    1 BC:    1 CA:    1	 *MESH_SMOOTHING 1 	*MESH_MTLID 0
			*MESH_FACE    5:    A:   32 B:   33 C:    9 AB:    1 BC:    1 CA:    1	 *MESH_SMOOTHING 1 	*MESH_MTLID 0
			*MESH_FACE    6:    A:    4 B:    5 C:   11 AB:    1 BC:    1 CA:    0	 *MESH_SMOOTHING 1 	*MESH_MTLID 0
			*MESH_FACE    7:    A:   11 B:   10 C:    4 AB:    1 BC:    1 CA:    0	 *MESH_SMOOTHING 1 	*MESH_MTLID 0
			*MESH_FACE    8:    A:    5 B:   78 C:    6 AB:    1 BC:    1 CA:    0	 *MESH_SMOOTHING 1 	*MESH_MTLID 0
			*MESH_FACE    9:    A:    6 B:   11 C:    5 AB:    1 BC:    1 CA:    0	 *MESH_SMOOTHING 1 	*MESH_MTLID 0
			*MESH_FACE   10:    A:    6 B:    7 C:   13 AB:    1 BC:    1 CA:    0	 *MESH_SMOOTHING 1 	*MESH_MTLID 0
			*MESH_FACE   11:    A:   13 B:   77 C:    6 AB:    1 BC:    1 CA:    0	 *MESH_SMOOTHING 1 	*MESH_MTLID 0
			*MESH_FACE   12:    A:    7 B:    8 C:   14 AB:    1 BC:    1 CA:    0	 *MESH_SMOOTHING 1 	*MESH_MTLID 0
			*MESH_FACE   13:    A:   14 B:   13 C:    7 AB:    1 BC:    1 CA:    0	 *MESH_SMOOTHING 1 	*MESH_MTLID 0
			*MESH_FACE   14:    A:    9 B:   34 C:   35 AB:    1 BC:    1 CA:    1	 *MESH_SMOOTHING 1 	*MESH_MTLID 0
			*MESH_FACE   15:    A:    9 B:   33 C:   34 AB:    1 BC:    1 CA:    1	 *MESH_SMOOTHING 1 	*MESH_MTLID 0
			*MESH_FACE   16:    A:   10 B:   11 C:   17 AB:    1 BC:    1 CA:    0	 *MESH_SMOOTHING 1 	*MESH_MTLID 0
			*MESH_FACE   17:    A:   17 B:   16 C:   10 AB:    1 BC:    1 CA:    0	 *MESH_SMOOTHING 1 	*MESH_MTLID 0
			*MESH_FACE   18:    A:   11 B:    6 C:   77 AB:    1 BC:    1 CA:    0	 *MESH_SMOOTHING 1 	*MESH_MTLID 0
			*MESH_FACE   19:    A:   77 B:   17 C:   11 AB:    1 BC:    1 CA:    0	 *MESH_SMOOTHING 1 	*MESH_MTLID 0
			*MESH_FACE   20:    A:   12 B:   13 C:   19 AB:    1 BC:    1 CA:    0	 *MESH_SMOOTHING 1 	*MESH_MTLID 0
			*MESH_FACE   21:    A:   19 B:   18 C:   12 AB:    1 BC:    1 CA:    0	 *MESH_SMOOTHING 1 	*MESH_MTLID 0
			*MESH_FACE   22:    A:   13 B:   14 C:   20 AB:    1 BC:    1 CA:    0	 *MESH_SMOOTHING 1 	*MESH_MTLID 0
			*MESH_FACE   23:    A:   20 B:   19 C:   13 AB:    1 BC:    1 CA:    0	 *MESH_SMOOTHING 1 	*MESH_MTLID 0
			*MESH_FACE   24:    A:   14 B:   15 C:   21 AB:    1 BC:    1 CA:    0	 *MESH_SMOOTHING 1 	*MESH_MTLID 0
			*MESH_FACE   25:    A:   21 B:   20 C:   14 AB:    1 BC:    1 CA:    0	 *MESH_SMOOTHING 1 	*MESH_MTLID 0
			*MESH_FACE   26:    A:   15 B:   16 C:   22 AB:    1 BC:    1 CA:    0	 *MESH_SMOOTHING 1 	*MESH_MTLID 0
			*MESH_FACE   27:    A:   22 B:   21 C:   15 AB:    1 BC:    1 CA:    0	 *MESH_SMOOTHING 1 	*MESH_MTLID 0
			*MESH_FACE   28:    A:   16 B:   17 C:   23 AB:    1 BC:    1 CA:    0	 *MESH_SMOOTHING 1 	*MESH_MTLID 0
			*MESH_FACE   29:    A:   23 B:   22 C:   16 AB:    1 BC:    1 CA:    0	 *MESH_SMOOTHING 1 	*MESH_MTLID 0
			*MESH_FACE   30:    A:   17 B:   12 C:   18 AB:    1 BC:    1 CA:    0	 *MESH_SMOOTHING 1 	*MESH_MTLID 0
			*MESH_FACE   31:    A:   18 B:   23 C:   17 AB:    1 BC:    1 CA:    0	 *MESH_SMOOTHING 1 	*MESH_MTLID 0
			*MESH_FACE   32:    A:    8 B:    2 C:   25 AB:    1 BC:    1 CA:    0	 *MESH_SMOOTHING 1 	*MESH_MTLID 0
			*MESH_FACE   33:    A:   25 B:   24 C:    8 AB:    1 BC:    1 CA:    0	 *MESH_SMOOTHING 1 	*MESH_MTLID 0
			*MESH_FACE   34:    A:    2 B:    3 C:   26 AB:    1 BC:    1 CA:    0	 *MESH_SMOOTHING 1 	*MESH_MTLID 0
			*MESH_FACE   35:    A:   26 B:   25 C:    2 AB:    1 BC:    1 CA:    0	 *MESH_SMOOTHING 1 	*MESH_MTLID 0
			*MESH_FACE   36:    A:    3 B:    4 C:   27 AB:    1 BC:    1 CA:    0	 *MESH_SMOOTHING 1 	*MESH_MTLID 0
			*MESH_FACE   37:    A:   27 B:   26 C:    3 AB:    1 BC:    1 CA:    0	 *MESH_SMOOTHING 1 	*MESH_MTLID 0
			*MESH_FACE   38:    A:    4 B:   10 C:   28 AB:    1 BC:    1 CA:    0	 *MESH_SMOOTHING 1 	*MESH_MTLID 0
			*MESH_FACE   39:    A:   28 B:   27 C:    4 AB:    1 BC:    1 CA:    0	 *MESH_SMOOTHING 1 	*MESH_MTLID 0
			*MESH_FACE   40:    A:   10 B:   16 C:   29 AB:    1 BC:    1 CA:    0	 *MESH_SMOOTHING 1 	*MESH_MTLID 0
			*MESH_FACE   41:    A:   29 B:   28 C:   10 AB:    1 BC:    1 CA:    0	 *MESH_SMOOTHING 1 	*MESH_MTLID 0
			*MESH_FACE   42:    A:   16 B:   15 C:   30 AB:    1 BC:    1 CA:    0	 *MESH_SMOOTHING 1 	*MESH_MTLID 0
			*MESH_FACE   43:    A:   30 B:   29 C:   16 AB:    1 BC:    1 CA:    0	 *MESH_SMOOTHING 1 	*MESH_MTLID 0
			*MESH_FACE   44:    A:   15 B:   14 C:   31 AB:    1 BC:    1 CA:    0	 *MESH_SMOOTHING 1 	*MESH_MTLID 0
